100
2 1
500 300
900
660
2 1
500 300
1500
809
2 2
50 100
450 449
1100 1101
2 1
500 300
300
500
1 8
10
11 13 17 11 16 14 12 18
1 4
8
880 2181 3052 1600
2 5
10 8
22000 990 19000 26276 13976
20263 14400 15200 10652 784
2 1
26026 322289
146048
929204
2 5
7 4
14 7 63 14 35
8 44 4 20 8
2 2
138428 33895
942386 701531
772718 179307
2 7
7 2
10822 11900 13090 12985 11908 11019 13090
3629 3400 3060 3659 3598 3060 3388
1 5
235412
821398 890597 999864 675724 877680
1 5
1
270 100 363 500 199
1 4
4
6173 9257 4000 4400
2 8
7 8
3500 6930 7008 3080 4852 15400 770 3015
17600 5451 720 6480 8470 3268 3202 4000
1 2
5
12650 11500
1 5
5
4386 4746 4500 4642 4050
2 1
9 4
971
426
1 8
10
1 2 5 3 7 4 8 6
2 4
9 4
17100 20363 22950 19468
7600 9129 10048 8563
2 2
4 2
32 36
22 16
1 8
10
4312 1000 6776 7899 6000 4500 1827 2979
1 2
10
81 74
2 8
3 3
22 6 24 24 27 21 12 33
22 27 23 12 24 25 33 6
2 7
1 7
2026 1852 2182 1832 1998 2200 2017
13986 14593 12600 13435 13195 13475 15122
2 8
4 9
4 44 36 4 4 4 4 4
9 99 9 81 9 9 9 9
1 3
1000000
900001 900000 899999
2 8
8 7
800 2640 5760 5395 3364 3954 1585 4800
3212 4200 1349 6160 4664 2898 700 1890
2 8
5 2
8859 7726 8695 8500 9405 9246 8490 8077
3078 3394 3533 3326 3113 3396 3574 3400
2 3
3 4
566 4200 6480
10560 5600 790
1 5
7
30 77 7 14 56
2 3
3 7
18 13 27
42 28 77
1 1
1
1635
1 6
5
10014 11327 9900 11000 10134 11000
1 5
7
10500 11328 9450 10642 9830
2 8
214166 192813
698796 972019 249797 553728 910360 920295 870654 907337
905639 761754 609285 860345 803439 283600 920225 783721
1 3
9
913 2514 1800
2 3
134457 22050
854270 608625 931714
509570 576386 998903
1 2
8
6447 6944
2 6
3 10
1500 1080 300 842 616 1752
5921 902 4400 5000 2060 3283
2 2
4 9
800 1118
1800 2664
2 1
9 2
4354
979
2 7
8 3
4725 5613 3200 11629 9600 14960 16989
2180 3600 4110 1662 6742 1200 4590
1 1
6
598
2 8
8 1
8 8 72 8 8 8 72 8
11 1 1 11 1 1 1 1
2 2
2 10
12 4
60 20
2 8
1 9
2300 2381 2070 2249 2307 2070 2177 2399
18772 22770 21520 20675 20918 22770 19860 20700
2 8
193190 278622
220466 745466 405676 869223 684837 929578 997750 623179
800477 983810 988428 605130 980375 818798 967398 824928
2 5
6 10
31 46 54 42 42
50 67 110 70 73
2 8
6 3
33 29 12 12 50 54 54 42
25 33 16 6 21 6 33 16
2 1
1 6
1595
8818
1 8
101263
708518 206709 929516 976862 819895 946338 962654 585381
2 8
6 9
7451 3481 1705 9900 6342 12652 4800 9000
7200 2519 13500 18002 12150 5880 9741 11262
2 4
3 1
4885 3780 3000 7506
1566 1540 2575 1000
1 7
5
11314 10515 10325 10505 10620 11550 10030
2 8
3 3
609 282 1650 2166 2245 859 1667 1200
1350 1200 2255 2255 602 1642 890 312
2 2
1 10
1624 1362
14738 15946
2 2
6 5
1200 656
1000 533
1 3
6
617 1800 1210
2 8
9 9
20700 7370 8524 6886 9000 9171 1980 18630
6548 7454 8269 9217 9000 22770 1620 20700
1 3
6
8217 8594 8924
2 4
8 10
6642 5760 6583 6400
8000 8448 8800 7848
2 8
586211 48669
916259 773198 748792 717480 869012 417219 459850 380487
953431 910295 645475 271887 721638 412273 979529 796602
2 5
1 6
1 1 11 1 1
6 6 6 6 54
2 1
8 5
5760
4400
2 8
6 2
10854 13200 10980 12692 11988 11994 11962 12072
3600 4102 3692 4422 3647 3998 3996 3660
1 6
6
6 6 54 6 6 6
1 4
1
1204 630 2300 426
1 3
148298
964668 360232 273995
1 3
5
5 5 5
2 7
286089 139447
412925 905570 744613 790436 880435 845339 559467
943205 721346 917553 913031 993902 359999 894756
1 8
758197
780481 839818 850934 923298 671099 954614 603264 878250
1 4
8
1523 1848 1426 1576
2 2
489246 490586
836004 819141
382976 686918
1 4
8
11200 10080 10144 11212
2 1
8 8
849
830
1 1
6
8866
1 5
8
88 25 55 25 40
2 2
9 2
15300 14596
3400 3187
2 4
7087 93305
351850 677016 518735 622794
888496 866914 533314 971128
1 3
5
1601 450 1000
1 2
6
9972 10800
2 3
4 2
44 15 12
18 6 8
2 1
5 10
6750
16500
2 2
5 6
20 15
23 18
1 6
6
6 6 6 6 54 6
2 8
10 2
6126 915 8000 2153 3000 4751 4400 7169
970 1086 211 402 1600 1452 600 720
1 3
106954
690660 852810 837474
2 5
4 8
7109 7416 7660 8404 7608
15216 13752 16064 15100 15627
2 7
10 2
66 90 110 9 81 57 70
22 2 14 11 18 14 17
2 8
9 3
13770 15300 15684 15300 14469 14097 16151 14092
5030 5237 5077 5610 5100 5100 5346 4684
2 8
1 1
1000000 999999 999998 999997 999996 999995 999994 999993
999992 999991 999990 999989 999988 999987 999986 999985
2 5
147383 220681
979912 485394 244956 932240 895312
865675 800765 693474 994665 751059
1 2
4
8400 6874
2 8
2 10
2752 2616 2426 2736 2882 2860 2596 2637
13249 11700 14240 12946 13182 13434 12980 11790
2 3
8 2
43 49 88
11 13 18
1 2
8
1563 733
1 3
2
643 540 608
2 1
8 7
4043
3478
2 4
617050 374223
837423 967481 971118 999275
759165 872658 900955 636754
